0.5976841180257338
2.66555547158911
0.9480756355563269
0.8398886180701185
0.40013801265133003
2.0840211128362474
2.1706645434409646
6.439266759367579
1.3271395167379572
4.3507634519348315
3.9992031880957724
3.5900756602758626
3.6347768243715954
2.548140578265687
2.436182314346573
3.2736076459493537
0.3035748437766418
2.3491623933801677
1.8203634396471837
1.3835853407493686
4.7405261595157135
1.7468010526867352
1.8390499846687556
1.677044581561467
0.2676484674808834
0.6298890689311005
2.0491676063004998
0.9158080181240252
0.9700930667786577
0.5655288580673774
1.3900206984982435
0.32643329731985693
0.822206468736528
0.34584422570823004
0.289735757801705
0.8006962320351356
0.6624441739957478
0.3594201661921499
0.3755374057616598
0.04646273776953564
1.0541589978672317
1.8055065661926557
0.9999450963885501
1.1702155146881839
1.0595421794441084
0.09054144452408633
0.7508143967633815
1.4571488162624984
0.13963343511446324
0.6314345142685837
0.16077261433768633
0.6279214608669212
0.47908071935066404
0.204378419564674
0.8390881612805617
0.05081787835311371
0.6543522355928209
0.5014925698481312
0.31981886178402225
0.8154442397733934
0.38673047193203225
0.6623496031799679
0.19396447218960255
0.620322285123159
0.9022615413854977
0.2395979923874255
0.44242198486272616
1.0592558877937426
0.3120599983533477
1.0915765494348788
0.8081693810805625
0.24373715358429537
0.6241519176161527
0.687894228854385
0.4565069378396697
1.0740190783074954
2.395936457382848
1.378243843086041
1.3362922959265964
0.42273888645086705
0.6035478222989331
0.20948670489418067
4.378030446768177
1.8015907765032135
1.0712959394477874
0.8266639340399959
1.0158482689217545
0.26999823235469705
1.5221803539432468
0.11533986653958153
0.3491125433032842
0.36937820027731977
0.16419875234537237
0.5508703460901314
0.8731681890851578
0.937798833759719
0.18765795645205965
1.0284289117531349
0.5946258559065833
5.4114176244474015
0.22254851203835252
0.4099029343793093
0.7709573838649602
0.9307086507688405
0.3013506741493432
0.4933820229685415
0.3836912943159935
6.6791232108566
0.18913369229226393
0.24475129728476955
0.41479700386599305
0.7357247236228324
0.6282850468967941
1.1880296184861645
0.3566861143550506
0.5302448092168763
0.08080423446860345
0.47522974736484225
0.24681935499079954
0.26807906127231174
1.2472801327647118
1.9614587181072896
0.3140890155562289
0.7065454795720855
0.38816568624156383
0.43790764247971314
0.37527526903688985
0.6013257189441062
1.0825646659653123
0.4033238999494381
0.2647510508858622
0.9358986905942603
0.2119675598279909
0.8828653222663262
0.1949893575243469
0.2347749225880844
0.27379099068861157
0.5222237200030191
0.42473707275202144
0.21763918827792936
0.09879880620682671
0.8210541467155343
0.45595250196515824
0.4778881585995193
0.5573554943509781
1.3324861632884621
1.6144924263498892
0.11896088754556272
0.3709167370231846
0.704631089429763
1.048982379957691
6.556309772640412
0.23276809986476266
1.3528117617925144
0.3308821340612498
0.32863964933058565
0.45033119052324666
0.5101985295797331
2.4020144190922808
0.5941697912908042
0.7585776201745998
0.7754433907535048
0.47700682588926574
4.48705492525792
0.49091604382279413
0.20035777542829689
0.3973929429595856
0.7563450552704392
0.5140381051007575
0.7865134042162852
0.7282864170474899
0.6605863320316872
1.5130429304322
1.7155628805034095
0.2640839451494692
0.5045857224886384
0.27614270863062856
0.3844909049316003
0.15108294274660058
0.312175889918247
0.8592472379205829
0.4039355444014065
0.4543750793300242
0.3689743982819409
0.25810149911135033
0.3556467911279199
0.3193721413379491
0.7811979577155183
0.6378805414676753
0.5503334984864656
0.16690065077895147
0.690218056830123
0.620209243156481
0.5480439684935415
0.12330721873474527
0.4739729459216204
1.0557832473864872
0.9080737814735055
1.1261145867189004
0.16657385622112364
0.2110362639687057
0.18138427843368585
0.9589562019186468
0.5485673748409792
0.2551621512838409
0.31102038426171696
1.0342675217138808
4.608474091992268
0.6134070377496675
0.07411474232066775
0.7230200270777688
0.8500608219741789
0.7426981976587974
0.7874227128420921
0.8580441371215347
0.31513256756214286
0.7867794653066009
0.09898819391751132
0.6013803526216934
0.3686163869390173
0.45010779336795176
0.6015345172980953
0.5243634713040065
0.344379394427831
0.8922210286685042
0.4734515937946137
0.8202415092069684
0.1280351313340027
0.8101700132959495
0.7101593142528503
0.8357669206981116
0.3389571347309552
0.20035412358129126
0.2679816788407356
0.6541546672935395
0.044792838703726565
0.10853369597853922
0.313754151022755
0.6651609552266252
0.12484322200452187
0.5406210398297666
0.5743935496420145
0.3069333835657449
0.7681475710545703
0.26782088161705175
0.27468594845501637
0.4538301476872482
0.5650050400344099
0.27558343020383824
1.3923249755681968
0.3146893232094445
0.46378988987266884
0.7342488577250394
0.12331837277699567
0.6610581920570445
0.2529446016989581
0.3097475966675879
1.2137169297278447
0.13531517863275666
0.5730915125849214
0.5483133009558707
0.7845170780888426
0.3126487924486836
0.13671174317145568
0.8351200675199939
0.5166670107154078
0.05239874126371306
0.3018441156393027
0.48418614478225647
1.4156327310231167
0.5542302896873776
0.7591840519947205
0.47204444153130004
0.4381885658240983
0.8232388794583009
0.511965386880158
0.3275324779244439
0.6615138456430611
0.7585884512840901
3.6872693355173674
0.0657253852135522
0.4345473962144698
0.4979192465876089
0.9718329885144983
0.08698306409469121
0.2677977473947675
0.525032784045625
0.41566282000827304
0.3405673293299021
0.3118880688288334
1.172153027314746
0.2523228671080651
0.3210701884213812
0.6268557110548146
0.47109434017241597
0.3804625023704031
0.4506754482143844
0.3212326525202614
0.4172250893649245
0.5210153141817446
0.2539641261241973
1.0061705442073219
0.5560953754252171
1.6000028014199117
0.48912267668786363
0.4040831535917869
0.8648374246364682
0.23425968995395446
0.6373054137275578
0.3086703628722016
0.4546236028019507
3.0640611863288894
0.12273876780082545
0.32590758783482815
0.5268389541291297
0.22988878715037003
0.4008571235852048
0.15818426377483316
0.3126433945895791
0.8979028297950019
0.11418966900708993
0.3565513941539508
0.20604754030281688
0.6360319293837592
0.7154481621531927
0.09928512835619502
0.23619634841840914
0.0922218177822444
0.5279834269660749
0.4315570131233802
0.10510247575459859
0.3574992045035623
0.18295152668749762
0.38195396971625767
0.5446051123584416
0.8820660784623963
0.5185750950226049
0.38356621013983055
0.3060126048812171
0.4546383772294385
0.7149770467438537
0.40682768511514
0.2614086194725422
0.4713178562215393
0.765503186433895
0.8708902714213564
0.473212932278803
0.3144351200853527
0.39635817443181415
0.17409372144088867
0.5507996027075522
0.137520224970187
0.4518317384018957
0.5147420595385775
0.546467587090362
0.3090069592292329
0.3128734479887045
0.32200943990829284
0.660131568135249
0.12710788749074733
0.3355769611746192
1.4663686744330053
0.4628398351241894
0.3220278031560648
0.2929278181183435
1.8734281779381574
0.7565045071001312
0.7902426020874457
0.14566681584644878
0.40855358725264923
0.7834178245003497
0.2358255632966422
0.17246395513641272
0.3864549250820475
0.09080888613886404
0.871392744228221
0.3305767185251327
0.13327710876009882
0.43309406338255463
0.3103674035213853
0.1417940179620633
0.5583615401460466
0.3384154659361648
0.26779261665548354
0.5034353756052984
1.157815097654971
0.28658772625832446
0.03736958424723794
0.2420990698266886
0.2418973759330324
0.44392001339695153
0.5288890788370886
0.6089226649190811
0.41744350529604485
1.2597287302518576
0.6857619447139536
0.5691139340535112
0.5086640897187716
0.7694506002604944
0.9626713823343801
0.32280635579860484
0.43703075990585183
0.1156350873216652
0.18617598732025847
0.22762542671088556
0.29206862967254993
0.5320740660669251
0.6685703268379806
0.33434212586594053
0.43419001001533464
0.4616331151051806
0.591041489108397
0.4897985243502045
0.10345031643480315
0.17122381263677663
0.38334252586812606
0.22242854438724796
0.5725970743168313
0.17152085323865854
0.3789192285239915
0.2999821082812716
0.44718401429821864
0.21822293262533862
0.1912248533036203
0.21468760738391135
0.3990761603537331
1.3290784226701373
0.4195154746047851
0.14166691098978745
0.3678119440049294
0.46627244530555007
0.6042749736107037
0.6748224618364039
0.11717416852919899
0.5292958313921386
0.5168089843320026
0.1253213659111416
0.0943241740669672
0.06974669944191607
1.3111555494269491
0.31845771130088607
0.18771255713614948
0.11633302411189898
0.3519476682650884
0.11974835720990376
0.562352188801768
0.1601781695740856
0.2774386658088669
0.3136154764118804
0.7076877540627233
0.7381536835502044
1.1295986948544308
0.3871159991914058
0.7861032473052366
1.7201961072429979
0.7737162795763647
0.49398140462314
0.14510597288442414
0.566854250594882
0.6207503567701057
0.5700049219399196
0.3663708758281852
0.7051459974914459
0.5565137405474614
0.15922440181600545
0.42003870624150486
0.3081975525961829
0.10686037869505237
0.2010790486289354
0.1979202236974984
0.2833225889171151
0.18784827405267504
0.39521157454717715
0.5994052099172157
0.19290334926026928
0.46964837812979443
0.4540731582252743
0.39377061343071035
0.3708449685812345
0.4380461779241512
0.49903504930261766
0.46658420892610986
0.3877768444314638
0.24422105136221914
0.26482675017318225
0.09319589896248556
0.32512253957492226
0.5793454847627654
0.3510190684953781
0.38485697554048814
0.2955736372849717
0.2631791795155379
0.36068677840279756
0.9615657417224128
0.700329185399013
1.2946877372786425
0.5461071023410896
0.14806821503835807
0.3244461343181622
0.32316048945391157
0.4244989118795233
0.536965262662284
2.3989391775852336
0.21661563532715467
0.35630021314547067
0.6507299741545991
0.4386858042006867
0.31776053450064884
0.19283407849530002
0.12045628816585993
0.21147140264794823
0.38881326260154736
0.34607226781748757
0.3604829687620324
0.372279359649453
0.6759556921109171
0.657427927983228
0.28636982387468723
0.35220417047400326
0.6188605614699789
0.1859632686440492
0.21959788738770392
0.2607518516210923
0.4006159876743571
0.30413266510259745
0.252881688034775
0.2236253517795318
0.24240043598679106
0.3536554002456407
0.1201687045389152
0.3287492618505635
0.2172531402029133
0.4694119359664492
0.1618774576965515
0.09807104599703756
0.41782503488559813
0.09877504155548016
0.7062220395487457
0.19426136675462516
0.17637332558188495
0.7771594283485936
0.24583226241419104
0.2514833438426061
0.3186415676159574
0.27610208439587813
0.13870874889255222
0.4019992186526169
0.10808181929805916
0.29439030930735127
0.26581516469829836
2.591177977668663
0.4735723666878657
0.41664635076809037
0.18443700984955777
0.5051652076642674
0.37670686835236156
0.40297269348502884
0.47168762549909776
0.06533430552897207
0.8008188575004548
0.7031721734375375
0.3696851051457058
0.014211457097003383
0.22771285731944677
0.28673041253232073
0.12762430770360073
0.2886503761825022
0.234162426268938
0.12393225116610015
0.2784931648783171
1.278967805492343
0.21913179945802552
0.12485182042602888
0.3344768400056811
0.3596905078648282
0.23136911962483073
0.4510285471358981
0.35510340919811695
0.3965460420250904
0.4518465723307313
1.201915301400742
0.5460053376166709
0.35077228106936964
1.148853525578473
0.37665638356250064
0.4589547168438747
0.431626673312256
0.10457350870569208
0.3092158553911944
0.28176030822090864
0.30072912784927675
0.7538660960929098
0.44909137183669284
0.5156884815407872
0.34486417713061074
0.73858762398396
0.3872789360920706
0.31306951745835887
0.21840073374918392
0.1350281358706254
0.09935400433788363
0.15916678260942907
0.07257163803150642
0.3091790161265754
0.1885897661860039
0.47965127709248
0.21401375222296978
0.1925962455946683
0.15352673806552466
0.3762764308771821
0.2892728719360663
0.12056076061924889
0.15246102062795086
0.3508480823086848
1.2881113782169937
0.4754443299835197
0.22265397786762062
0.13113445716067734
0.2841623854756218
0.2489940536771747
0.07428052389261638
0.298707603561184
0.6358748693895996
0.3892621685616153
0.05531177888023775
0.22652082170991886
0.21800627500356315
0.10548640452457866
0.6037037960279781
2.340385764138445
0.2610331306250869
0.497579319666722
0.8212341761719264
0.1392511356737003
0.44722899958634127
0.3450938542647465
0.2597254681715078
0.12218690663073259
0.1965085145694819
0.6104002931344831
0.22655257536033538
0.5580508827380656
0.1645964016678909
0.5924073199063791
0.6759882924099915
0.36172564600262674
0.614025942482943
0.09637952060453184
0.23284470621778178
0.10395417249633677
1.2505500283833455
0.2171331030855135
0.6649346870396045
0.3142857847106984
0.25646572080282337
0.17570851795302436
0.2543453783955945
0.6040528697663522
0.21402141260475194
0.3015455528468165
0.16130719769604399
0.6162255555462895
0.6143712500855535
0.26682322914918266
0.4148352472418837
0.11600229388393264
0.6776549663458438
0.2845927380006123
0.4145921719984872
0.4139288759719324
0.4972813087637964
0.3830268899509135
0.3113572458597263
0.10624382327063929
0.33067060541242965
0.35174655349744827
0.2731828452131071
0.23999009353918693
0.49928996193279324
0.26463284252505015
0.46269478692394556
0.37030891361649065
0.3167242977641438
0.3071721757378932
0.10747744814530474
0.1345085510793303
0.274510729901095
0.29909577899244216
0.23224464378881562
0.764561199443
0.32581104410001926
0.32321213569893575
0.4270328685713999
0.14075391360387954
0.1470088753013643
0.13247292986826423
0.42090295669611244
0.43094594008308684
0.24260072400220423
0.8464378657218261
0.45653916126803906
0.10585911874431206
0.2594460036258929
0.675106825177327
0.13514923663842
0.6625577698103222
0.40602426293261606
0.25256034461323607
0.21012531269277318
0.4857604496963467
0.4231699252655544
1.5391592945396617
0.2732569998584387
0.4486674177124794
0.3876812864479231
0.2924248034615702
0.24135139566076255
0.20268059067172028
0.20810381463538763
0.024687323620192686
0.41717444011843946
0.6901831489268229
0.5709347053900796
0.33564345718574345
0.2760703922419425
0.42893189934951353
0.34437114474782304
0.11009750257632527
0.0979013783287913
0.2281340752795284
0.2764259433621408
0.28039767490283596
0.18846313998894862
0.41365514346911936
0.5085046327914273
0.3025097506463083
0.31067269455219315
0.0819893133484251
0.2862048484025315
0.5129371669949024
0.19216889031551906
0.028484741599848987
0.15861994941467286
0.3886789936920292
0.425817744749079
0.13311756218813525
0.38853582690039196
0.5441655921894928
0.7604173462849199
0.8830465481421665
0.027544018090102314
0.3661679070946066
0.22238425839074547
0.3025870944398203
0.05089696151560055
0.22363772556664605
0.06713397408864788
0.31044097629724077
0.09592155740286445
0.24586106322417314
0.379143212181461
0.3414766504166724
0.4168809998614417
0.4011048691042738
0.7297478702008444
0.2805254309243099
0.14758662374615242
0.09356884438429502
0.14448171962281775
0.23093558947217288
0.33147644866460774
0.3174960205768591
0.328815046627781
0.22891377237375865
0.38756308488496344
0.19870961278499297
0.29837415518662824
0.560709891392593
0.1933524819902183
0.3019154126423383
0.24848207506007203
0.4219464377442802
0.24929339442252543
0.5414086477966072
1.0002911494121207
0.18302790829103538
0.48691409981365535
0.3805068596881578
1.0903660688360217
0.5836090485152544
0.17227039508537803
0.24864588002071386
0.18446243706325205
0.30731761280797215
1.627574430824185
0.23424314362391604
0.15717113441700264
0.12903711413830127
0.3222582357882546
0.20154755787761058
0.3918522507924852
0.4117263852237148
0.338330260908492
0.6258257565150339
0.42459987753241446
0.17553717239981317
0.08664379536551124
0.16019739656275309
0.06613335137278654
0.11309915708858148
0.44028277921394726
1.2265492785593115
0.47746932850432305
0.16314065082586277
0.26527138736670824
0.2585198346244026
0.8698356149416748
0.2578960583231505
0.1728358071243764
0.22134927305553403
0.2143189903817708
0.21151684604042037
0.5311532145134951
0.09878464991363657
1.6965983049923365
0.11067782592016907
0.3413486430476804
0.22511301516944007
0.17572149160494951
0.5868821099940452
0.43830340153541864
0.45589934390394765
0.12418952876358172
0.16136457646939903
0.39604948712168253
0.47446806431446203
0.5653109176081985
1.1178200341847495
0.26078451746474823
0.5023498092976009
0.2501336934480951
0.33446623968783384
0.1079043318948504
0.7595668603882954
0.36728922965746397
0.1911118718176721
0.1533544254688926
0.12801043837409704
0.3662923022003704
0.17079255107516525
0.2333160059816069
0.23013960644612047
0.35186981582283244
0.5585095503039913
0.341522204087306
0.6378237033355137
0.5896567323307669
0.371962942747949
0.6710064657125387
0.23331874420678503
0.24033392747006385
0.14488449099710743
0.4341718036442671
0.29683996146400693
0.5877076832426684
0.4645829902018983
0.22989486558167818
0.3172036639057822
0.6093377551025092
0.453036389623527
0.48079064299171265
0.2296269996372645
0.3209328980103783
0.13889446914111997
0.15726969518901057
0.3652992885587498
0.22143017102944842
0.2591411962558194
0.4213260774283067
0.12431360485844903
0.22377469140728382
0.41644972069826214
0.07079993306502838
0.2577406573441296
0.1685014959000513
0.40574884554138746
0.09583742136322786
0.5467641574515206
0.3405317564865861
0.17730489383852163
0.3107849264251766
0.34538092268037507
0.239816827353809
0.3115974374900703
0.35440586229364524
0.1354504686587815
0.3599861830547443
0.3305090109496122
0.1941848432431488
0.4048935248415164
0.2656063897775829
0.7308910979720286
0.28678975938097745
0.9293696718691716
0.261875260857749
0.16616608538573238
0.34418227030466847
0.2941646032028495
0.40506105948343907
0.08260383759639249
0.07757680934421121
0.23134647925990912
0.20775515134447473
0.21602842006014308
0.2561946995969864
0.46527219014959925
0.12744424300295407
0.4409952441818774
0.6505152940669691
0.509903308467533
0.5076227491802103
0.1658234279987157
0.3988924812596583
0.1566020798161295
0.4478318666599748
0.14798004298261516
0.2959342443394755
0.11936310804044514
0.38046184787251797
3.583506924886512
0.5174726842945906
0.6252316560615383
0.15923007395737285
0.18841158376200084
0.25636138090159144
0.1920943794719214
0.5426260345361584
0.22495790771045987
0.13038444655923012
0.07900104256600836
0.01508241322448078
0.28430177494382486
0.06998833106474393
0.08368847343646069
0.443776585791117
0.11555627753842221
0.22483906741366436
0.5266316846367993
0.0983691033665942
0.2420226215648216
0.23019289788667513
0.012628071051475122
0.5713229039018081
0.31509462565640806
0.13502171559722723
0.38837171262776743
0.19413533881534484
0.36277060523117177
0.44946446722186495
0.38353859388979955
0.13844887507686407
0.16546116193017354
0.2506825389709299
0.6468516799790288
0.021584733550598853
0.29552476944915584
0.15696593874717793
0.5698234221600076
0.36775012020519543
0.048709142011656645
0.1939949818727434
0.3132577343325269
0.3838307403041196
0.6842740408563549
0.41023066173613015
0.1351649714264318
0.2502697268296461
0.13533688958206916
0.15647425970658688
0.22447635018542436
0.4385799166768225
0.20018606124931976
0.5855956839892544
0.022431882225201448
0.42652506163600007
0.26770478131611913
0.1749506393219501
1.3615918020525022
0.059850279601789194
0.31714082426181217
0.04070981146330532
0.47460216011919026
0.27352431164187074
0.20571415460974513
0.06380387047490556
0.12197732055345481
0.35019149707621244
0.27017549125895785
0.4682149637267262
0.4061393435419796
